,time,input_file,record_number,value_a,value_b,operation,result
3,1639628196,input_12-16-2021_04-14-33.csv,1.0,1.0,1.0,addition,2.0
0,1639628609,input_12-16-2021_04-23-29.csv,1.0,4.0,4.0,addition,8.0
0,1639628666,input_12-16-2021_04-23-29.csv,1.0,4.0,4.0,addition,8.0
1,1639628666,input_12-16-2021_04-24-26.csv,1.0,4.0,4.0,division,1.0
0,1639628690,input_12-16-2021_04-24-50.csv,1.0,7.0,7.0,addition,14.0
0,1639628702,input_12-16-2021_04-24-50.csv,1.0,7.0,7.0,addition,14.0
1,1639628702,input_12-16-2021_04-25-02.csv,1.0,7.0,7.0,multiplication,49.0
0,1639628774,input_12-16-2021_04-26-14.csv,1.0,2.0,2.0,addition,4.0
0,1639628787,input_12-16-2021_04-26-14.csv,1.0,2.0,2.0,addition,4.0
1,1639628787,input_12-16-2021_04-26-27.csv,1.0,6.0,6.0,addition,12.0
0,1639628975,input_12-16-2021_04-29-35.csv,1.0,6.0,6.0,addition,12.0
0,1639629035,input_12-16-2021_04-29-35.csv,1.0,6.0,6.0,addition,12.0
1,1639629035,input_12-16-2021_04-30-35.csv,1.0,7.0,7.0,addition,14.0
